{"accepted_measurement":[0.621814251904559,-0.3372868268614141],"estimates":{"cv_kalman":{"covariance":[[0.04,0.0,0.0,0.0],[0.0,0.04,0.0,0.0],[0.0,0.0,0.8,0.0],[0.0,0.0,0.0,0.8]],"hypothesis_weights":{},"initialized":true,"mode_probabilities":{},"reset":false,"state":{"vx_mps":0.0,"vy_mps":0.0,"x_m":0.621814251904559,"y_m":-0.3372868268614141},"status":"TRACKING"},"formal_imm":{"covariance":[[0.00039621327288882533,4.9244249247771793e-05,0.0,0.0],[4.9244249247771793e-05,0.00024848052514550996,0.0,0.0],[0.0,0.0,0.23658803008084747,0.0],[0.0,0.0,0.0,0.23653666658622186]],"hypothesis_weights":{},"initialized":true,"mode_probabilities":{"maneuver_cv":0.2179440570888789,"smooth_cv":0.7820559429111211},"reset":false,"state":{"vx_mps":5.0597989000713145e-17,"vy_mps":-5.917892671705716e-20,"x_m":0.621814251904559,"y_m":-0.3372868268614141},"status":"LIVE_IMM_TRACKING"},"ghost_mh":{"covariance":[[0.04,0.0,0.0,0.0],[0.0,0.04,0.0,0.0],[0.0,0.0,0.8,0.0],[0.0,0.0,0.0,0.8]],"hypothesis_weights":{"visible_cv":1.0},"initialized":true,"mode_probabilities":{},"reset":false,"state":{"vx_mps":0.0,"vy_mps":0.0,"x_m":0.621814251904559,"y_m":-0.3372868268614141},"status":"TRACKING"}},"fault_active":false,"monitor":{"accepted":true,"isolation":"NONE","reason":null,"status":"NOMINAL"},"raw_measurement":[0.621814251904559,-0.3372868268614141],"sequence":0,"t_s":0.0}
{"accepted_measurement":[0.6050904347806334,-0.3429843168514514],"estimates":{"cv_kalman":{"covariance":[[0.0003966439864758183,4.933004926488806e-05,0.0006626731349004397,8.241571662690378e-05],[4.933004926488806e-05,0.0002486538386811541,8.241571662690378e-05,0.0004154259850197282],[0.0006626731349004397,8.241571662690378e-05,0.6713231872776284,0.00013769194331538474],[8.241571662690378e-05,0.0004154259850197282,0.00013769194331538474,0.6709101114476823]],"hypothesis_weights":{},"initialized":true,"mode_probabilities":{},"reset":false,"state":{"vx_mps":-0.027699868945296316,"vy_mps":-0.009440789267968375,"x_m":0.605234454317064,"y_m":-0.34293762526187693},"status":"TRACKING"},"formal_imm":{"covariance":[[0.0003497119098937869,4.060505552211456e-05,0.0,0.0],[4.060505552211456e-05,0.00022789677219821715,0.0,0.0],[0.0,0.0,0.05899941889722267,0.0],[0.0,0.0,0.0,0.04097618311690281]],"hypothesis_weights":{},"initialized":true,"mode_probabilities":{"maneuver_cv":0.2314261337826681,"smooth_cv":0.7685738662173319},"reset":false,"state":{"vx_mps":-0.1233866536317013,"vy_mps":-0.042637559750009206,"x_m":0.6072389758937909,"y_m":-0.3422818089113409},"status":"LIVE_IMM_TRACKING"},"ghost_mh":{"covariance":[[0.00039664410343191167,4.9330072568693015e-05,0.0006629288583620588,8.244753522850464e-05],[4.933007256869301e-05,0.0002486538857258326,8.244753522850464e-05,0.0004155862526765448],[0.0006629288583620586,8.244753522850463e-05,0.6718909596246638,0.00013779821742183204],[8.244753522850464e-05,0.0004155862526765449,0.00013779821742183204,0.6714775649723983]],"hypothesis_weights":{"visible_cv":1.0},"initialized":true,"mode_probabilities":{},"reset":false,"state":{"vx_mps":-0.027710558453505504,"vy_mps":-0.009444432373705541,"x_m":0.605234449298673,"y_m":-0.3429376268892594},"status":"TRACKING"}},"fault_active":false,"monitor":{"accepted":true,"isolation":"NONE","reason":null,"status":"NOMINAL"},"raw_measurement":[0.6050904347806334,-0.3429843168514514],"sequence":1,"t_s":0.1}
{"accepted_measurement":[0.6148041128477305,-0.33611673899472644],"estimates":{"cv_kalman":{"covariance":[[0.000378829379843512,4.588859646692817e-05,0.0035488193929772665,0.000412040250730749],[4.588859646692817e-05,0.00024116359044272747,0.000412040250730749,0.002312698640785019],[0.0035488193929772665,0.000412040250730749,0.07110523628195504,0.008051259497708633],[0.000412040250730749,0.002312698640785019,0.008051259497708633,0.046951457788829185]],"hypothesis_weights":{},"initialized":true,"mode_probabilities":{},"reset":false,"state":{"vx_mps":0.08097233665441313,"vy_mps":0.060994589790934944,"x_m":0.6141136171641274,"y_m":-0.3364560305558046},"status":"TRACKING"},"formal_imm":{"covariance":[[0.0003173916275256117,3.849699148160424e-05,0.0,0.0],[3.849699148160424e-05,0.00020190158053880246,0.0,0.0],[0.0,0.0,0.019090270732637627,0.0],[0.0,0.0,0.0,0.01263042426225178]],"hypothesis_weights":{},"initialized":true,"mode_probabilities":{"maneuver_cv":0.2429648848767227,"smooth_cv":0.7570351151232774},"reset":false,"state":{"vx_mps":-0.03201027106611473,"vy_mps":0.006168587902405789,"x_m":0.6106554912329853,"y_m":-0.3382091455631163},"status":"LIVE_IMM_TRACKING"},"ghost_mh":{"covariance":[[0.0003788498214454418,4.5892449671117034e-05,0.003550121054967796,0.0004122214143872058],[4.589244967111704e-05,0.00024117247243209068,0.0004122214143872058,0.0023134568118061785],[0.0035501210549677966,0.00041222141438720586,0.0713201528812096,0.008057280679438679],[0.00041222141438720586,0.002313456811806179,0.008057280679438677,0.04714831084289346]],"hypothesis_weights":{"visible_cv":1.0},"initialized":true,"mode_probabilities":{},"reset":false,"state":{"vx_mps":0.0810117752302009,"vy_mps":0.06101856891495794,"x_m":0.6141142227272214,"y_m":-0.3364557161732165},"status":"TRACKING"}},"fault_active":false,"monitor":{"accepted":true,"isolation":"NONE","reason":null,"status":"NOMINAL"},"raw_measurement":[0.6148041128477305,-0.33611673899472644],"sequence":2,"t_s":0.2}
{"accepted_measurement":[0.6701312768608584,-0.34615007256980496],"estimates":{"cv_kalman":{"covariance":[[0.00032760150732279213,4.040117925196105e-05,0.0019672173105363244,0.00023621970409882224],[4.040117925196105e-05,0.00020639796956690897,0.00023621970409882224,0.001258558198239858],[0.0019672173105363244,0.00023621970409882224,0.021862562299012407,0.0023459032258894962],[0.00023621970409882224,0.001258558198239858,0.0023459032258894962,0.014824852621343917]],"hypothesis_weights":{},"initialized":true,"mode_probabilities":{},"reset":false,"state":{"vx_mps":0.3175123718980767,"vy_mps":-0.020542582443265234,"x_m":0.6615069244137848,"y_m":-0.34351060555518254},"status":"TRACKING"},"formal_imm":{"covariance":[[0.00027529146790158227,3.370948599126629e-05,0.0,0.0],[3.370948599126629e-05,0.0001738025719645342,0.0,0.0],[0.0,0.0,0.009252655451967157,0.0],[0.0,0.0,0.0,0.006287422603604752]],"hypothesis_weights":{},"initialized":true,"mode_probabilities":{"maneuver_cv":0.2661995122100414,"smooth_cv":0.7338004877899585},"reset":false,"state":{"vx_mps":0.15569053137671793,"vy_mps":-0.0222102684800484,"x_m":0.6505983342645982,"y_m":-0.34370601756936375},"status":"LIVE_IMM_TRACKING"},"ghost_mh":{"covariance":[[0.0003277358220887318,4.040752343623696e-05,0.001973761754538916,0.00023637949614384679],[4.040752343623696e-05,0.00020651325178002087,0.00023637949614384676,0.0012646232661073747],[0.0019737617545389162,0.00023637949614384676,0.02229496714144512,0.00234952488589659],[0.00023637949614384676,0.0012646232661073747,0.0023495248858965874,0.015246392483755334]],"hypothesis_weights":{"visible_cv":1.0},"initialized":true,"mode_probabilities":{},"reset":false,"state":{"vx_mps":0.31837231206410566,"vy_mps":-0.021053250731812717,"x_m":0.6615247757538442,"y_m":-0.3435195962417281},"status":"TRACKING"}},"fault_active":false,"monitor":{"accepted":true,"isolation":"NONE","reason":null,"status":"NOMINAL"},"raw_measurement":[0.6701312768608584,-0.34615007256980496],"sequence":3,"t_s":0.3}
{"accepted_measurement":[0.6879748351509423,-0.3307781280459292],"estimates":{"cv_kalman":{"covariance":[[0.0002814958430778572,3.453319980694817e-05,0.0012928941341032092,0.00014724308656331047],[3.453319980694817e-05,0.00017789624365701268,0.00014724308656331047,0.0008511648744132777],[0.0012928941341032092,0.00014724308656331047,0.01197534045474875,0.000994698301431121],[0.00014724308656331047,0.0008511648744132777,0.000994698301431121,0.00899124555045539]],"hypothesis_weights":{},"initialized":true,"mode_probabilities":{},"reset":false,"state":{"vx_mps":0.29952483209314273,"vy_mps":0.030286992663594872,"x_m":0.6894986435280319,"y_m":-0.33502074187049297},"status":"TRACKING"},"formal_imm":{"covariance":[[0.0002418796285777334,2.9635792121435668e-05,0.0,0.0],[2.9635792121435668e-05,0.00015253769707382532,0.0,0.0],[0.0,0.0,0.005980799029518287,0.0],[0.0,0.0,0.0,0.0042928831423388785]],"hypothesis_weights":{},"initialized":true,"mode_probabilities":{"maneuver_cv":0.27173324685534483,"smooth_cv":0.7282667531446553},"reset":false,"state":{"vx_mps":0.2014530065484105,"vy_mps":0.011531565113409456,"x_m":0.6792411865448277,"y_m":-0.3367171913544832},"status":"LIVE_IMM_TRACKING"},"ghost_mh":{"covariance":[[0.00028214519651585234,3.4551517390070886e-05,0.0013103725477383024,0.00014761945095437804],[3.4551517390070886e-05,0.00017849064434563968,0.000147619450954378,0.0008675141948751679],[0.0013103725477383026,0.00014761945095437804,0.012617156322497068,0.0010029404092653494],[0.00014761945095437802,0.0008675141948751679,0.001002940409265348,0.00960833509470102]],"hypothesis_weights":{"visible_cv":1.0},"initialized":true,"mode_probabilities":{},"reset":false,"state":{"vx_mps":0.29969426824108336,"vy_mps":0.031020568290910967,"x_m":0.689516465523583,"y_m":-0.33500029808119897},"status":"TRACKING"}},"fault_active":false,"monitor":{"accepted":true,"isolation":"NONE","reason":null,"status":"NOMINAL"},"raw_measurement":[0.6879748351509423,-0.3307781280459292],"sequence":4,"t_s":0.4}
{"accepted_measurement":[0.7021371093051852,-0.3021445215191398],"estimates":{"cv_kalman":{"covariance":[[0.00025050197097546586,2.9998847473649904e-05,0.0010092484019571,0.00010261489599881912],[2.9998847473649904e-05,0.00016050542855451614,0.00010261489599881912,0.0007014037139606424],[0.0010092484019571,0.00010261489599881912,0.009374891097479479,0.0005586770469664497],[0.00010261489599881912,0.0007014037139606424,0.0005586770469664497,0.007698859956580132]],"hypothesis_weights":{},"initialized":true,"mode_probabilities":{},"reset":false,"state":{"vx_mps":0.252747802960864,"vy_mps":0.11627634266369143,"x_m":0.7084355832020865,"y_m":-0.31270377951734807},"status":"TRACKING"},"formal_imm":{"covariance":[[0.0002174568784052076,2.7630328861424764e-05,0.0,0.0],[2.7630328861424764e-05,0.0001408072917898022,0.0,0.0],[0.0,0.0,0.004759529268272335,0.0],[0.0,0.0,0.0,0.004276674974936999]],"hypothesis_weights":{},"initialized":true,"mode_probabilities":{"maneuver_cv":0.2993075747557236,"smooth_cv":0.7006924252442764},"reset":false,"state":{"vx_mps":0.20396605860381017,"vy_mps":0.0737119752602797,"x_m":0.7007248149814597,"y_m":-0.317114360712893},"status":"LIVE_IMM_TRACKING"},"ghost_mh":{"covariance":[[0.0002521885716395693,3.0071299805649264e-05,0.001040373607503812,0.00010377956707236573],[3.0071299805649264e-05,0.00016197467222262148,0.00010377956707236566,0.000729034906286715],[0.0010403736075038123,0.00010377956707236573,0.010178864550393522,0.0005782236395082669],[0.0001037795670723657,0.0007290349062867149,0.0005782236395082668,0.008444193631868723]],"hypothesis_weights":{"visible_cv":1.0},"initialized":true,"mode_probabilities":{},"reset":false,"state":{"vx_mps":0.2511311962825771,"vy_mps":0.1202973870178998,"x_m":0.7083577859431928,"y_m":-0.3124820257911406},"status":"TRACKING"}},"fault_active":false,"monitor":{"accepted":true,"isolation":"NONE","reason":null,"status":"NOMINAL"},"raw_measurement":[0.7021371093051852,-0.3021445215191398],"sequence":5,"t_s":0.5}
{"accepted_measurement":[0.6961621040621503,-0.3267591106143829],"estimates":{"cv_kalman":{"covariance":[[0.0002327013254594106,2.689595608365395e-05,0.0009015706648067168,8.123546854314542e-05],[2.689595608365395e-05,0.00015201345720844872,8.123546854314541e-05,0.0006578642591772806],[0.0009015706648067168,8.123546854314541e-05,0.008721584403039943,0.0004160777245638519],[8.123546854314542e-05,0.0006578642591772806,0.0004160777245638519,0.007473351229348389]],"hypothesis_weights":{},"initialized":true,"mode_probabilities":{},"reset":false,"state":{"vx_mps":0.17082589049718128,"vy_mps":0.05287610343428238,"x_m":0.7120552683459795,"y_m":-0.3164013369927994},"status":"TRACKING"},"formal_imm":{"covariance":[[0.00019600246376393998,2.3511823866978175e-05,0.0,0.0],[2.3511823866978175e-05,0.00012562540593237761,0.0,0.0],[0.0,0.0,0.003564862894902612,0.0],[0.0,0.0,0.0,0.002805989002263091]],"hypothesis_weights":{},"initialized":true,"mode_probabilities":{"maneuver_cv":0.22503475044271715,"smooth_cv":0.7749652495572829},"reset":false,"state":{"vx_mps":0.1687765093577046,"vy_mps":0.04331769645758456,"x_m":0.7087655655887038,"y_m":-0.3187521380063707},"status":"LIVE_IMM_TRACKING"},"ghost_mh":{"covariance":[[0.00023571945239634604,2.7101992393458646e-05,0.0009447276407965327,8.38026055081005e-05],[2.7101992393458646e-05,0.0001544134752159701,8.380260550810046e-05,0.0006933198242722315],[0.0009447276407965328,8.380260550810048e-05,0.009621213513117684,0.0004495097796717523],[8.38026055081005e-05,0.0006933198242722316,0.0004495097796717525,0.008272684174102426]],"hypothesis_weights":{"visible_cv":1.0},"initialized":true,"mode_probabilities":{},"reset":false,"state":{"vx_mps":0.16605911172568788,"vy_mps":0.05184933577567809,"x_m":0.7116946916919987,"y_m":-0.3163901279018906},"status":"TRACKING"}},"fault_active":false,"monitor":{"accepted":true,"isolation":"NONE","reason":null,"status":"NOMINAL"},"raw_measurement":[0.6961621040621503,-0.3267591106143829],"sequence":6,"t_s":0.6}
{"accepted_measurement":[0.71229510326972,-0.31829536601571073],"estimates":{"cv_kalman":{"covariance":[[0.00022424229107461795,2.5119498878448556e-05,0.0008706924044168053,7.309638815511011e-05],[2.5119498878448556e-05,0.00014888379443927228,7.309638815511011e-05,0.0006514032399514749],[0.0008706924044168053,7.309638815511011e-05,0.008607449609952099,0.00038344352982066154],[7.309638815511011e-05,0.0006514032399514749,0.00038344352982066154,0.007457119020490118]],"hypothesis_weights":{},"initialized":true,"mode_probabilities":{},"reset":false,"state":{"vx_mps":0.13490806368502098,"vy_mps":0.03642251821835359,"x_m":0.7197563325169352,"y_m":-0.3152066667237489},"status":"TRACKING"},"formal_imm":{"covariance":[[0.00018113363692528087,2.1575772595407425e-05,0.0,0.0],[2.1575772595407425e-05,0.00011519129888596885,0.0,0.0],[0.0,0.0,0.0030254531646382575,0.0],[0.0,0.0,0.0,0.0023330743072898907]],"hypothesis_weights":{},"initialized":true,"mode_probabilities":{"maneuver_cv":0.1967488908334744,"smooth_cv":0.8032511091665255},"reset":false,"state":{"vx_mps":0.15473247513198074,"vy_mps":0.03824256604067956,"x_m":0.7197888138595554,"y_m":-0.31624857956430047},"status":"LIVE_IMM_TRACKING"},"ghost_mh":{"covariance":[[0.00022843568386871467,2.551094925959008e-05,0.0009212003427704303,7.706833358839915e-05],[2.5510949259590076e-05,0.00015190283608994444,7.706833358839915e-05,0.0006899953420052326],[0.0009212003427704302,7.706833358839916e-05,0.009543595319583507,0.0004263182630982469],[7.706833358839916e-05,0.0006899953420052327,0.00042631826309824715,0.008264640530288766]],"hypothesis_weights":{"visible_cv":1.0},"initialized":true,"mode_probabilities":{},"reset":false,"state":{"vx_mps":0.12999357607061995,"vy_mps":0.03455963241429261,"x_m":0.7192235830681439,"y_m":-0.3153311210703381},"status":"TRACKING"}},"fault_active":false,"monitor":{"accepted":true,"isolation":"NONE","reason":null,"status":"NOMINAL"},"raw_measurement":[0.71229510326972,-0.31829536601571073],"sequence":7,"t_s":0.7}
{"accepted_measurement":[0.7487151992201385,-0.3050183195496639],"estimates":{"cv_kalman":{"covariance":[[0.00022112190072319022,2.4341771704529566e-05,0.0008669824969255902,7.141193242505111e-05],[2.4341771704529566e-05,0.00014809658560960151,7.141193242505111e-05,0.000652746699650437],[0.0008669824969255902,7.141193242505111e-05,0.008601835726575042,0.0003836717671132975],[7.141193242505111e-05,0.000652746699650437,0.0003836717671132975,0.007450820425235153]],"hypothesis_weights":{},"initialized":true,"mode_probabilities":{},"reset":false,"state":{"vx_mps":0.1677349807293505,"vy_mps":0.05136731967407298,"x_m":0.7417355378277609,"y_m":-0.3078781972338893},"status":"TRACKING"},"formal_imm":{"covariance":[[0.0001649157821711342,1.977722545894076e-05,0.0,0.0],[1.977722545894076e-05,0.0001058343143273988,0.0,0.0],[0.0,0.0,0.002237829956909767,0.0],[0.0,0.0,0.0,0.0018249426139230148]],"hypothesis_weights":{},"initialized":true,"mode_probabilities":{"maneuver_cv":0.15290972470497427,"smooth_cv":0.8470902752950258},"reset":false,"state":{"vx_mps":0.17006609964876232,"vy_mps":0.04607940546420661,"x_m":0.7411115576241744,"y_m":-0.30931430166992047},"status":"LIVE_IMM_TRACKING"},"ghost_mh":{"covariance":[[0.00022603612577953017,2.4888462162467648e-05,0.0009202445509155381,7.617692105041493e-05],[2.4888462162467648e-05,0.0001513707392921272,7.617692105041496e-05,0.0006917137877642929],[0.0009202445509155378,7.617692105041496e-05,0.009541839256486665,0.000429325583081279],[7.617692105041496e-05,0.0006917137877642931,0.0004293255830812791,0.008253862507242828]],"hypothesis_weights":{"visible_cv":1.0},"initialized":true,"mode_probabilities":{},"reset":false,"state":{"vx_mps":0.16717148395638703,"vy_mps":0.05112124705851549,"x_m":0.7414763357020189,"y_m":-0.3079322703050512},"status":"TRACKING"}},"fault_active":false,"monitor":{"accepted":true,"isolation":"NONE","reason":null,"status":"NOMINAL"},"raw_measurement":[0.7487151992201385,-0.3050183195496639],"sequence":8,"t_s":0.8}
{"accepted_measurement":[0.7860915085159389,-0.30535556267057273],"estimates":{"cv_kalman":{"covariance":[[0.00022032701226498718,2.4113006859696396e-05,0.000868838839904256,7.174643558029698e-05],[2.4113006859696396e-05,0.00014798799168589798,7.174643558029696e-05,0.0006535995331633654],[0.000868838839904256,7.174643558029696e-05,0.008596368482214269,0.0003864611433983143],[7.174643558029698e-05,0.0006535995331633654,0.0003864611433983143,0.0074369850520193265]],"hypothesis_weights":{},"initialized":true,"mode_probabilities":{},"reset":false,"state":{"vx_mps":0.22856343479955524,"vy_mps":0.0402831138667424,"x_m":0.7737871942808635,"y_m":-0.3046841316366114},"status":"TRACKING"},"formal_imm":{"covariance":[[0.00015724211681978657,1.856108124593608e-05,0.0,0.0],[1.856108124593608e-05,9.893676641279051e-05,0.0,0.0],[0.0,0.0,0.0022890376485278194,0.0],[0.0,0.0,0.0,0.0016390884081180356]],"hypothesis_weights":{},"initialized":true,"mode_probabilities":{"maneuver_cv":0.14513172928060397,"smooth_cv":0.854868270719396},"reset":false,"state":{"vx_mps":0.19394860342947254,"vy_mps":0.04400959525899441,"x_m":0.7688955158211476,"y_m":-0.3051344528082564},"status":"LIVE_IMM_TRACKING"},"ghost_mh":{"covariance":[[0.00022553591558037434,2.4739869013988724e-05,0.0009223452023025533,7.669577571814306e-05],[2.4739869013988724e-05,0.00015131630853840817,7.669577571814306e-05,0.0006922578751481238],[0.000922345202302553,7.669577571814306e-05,0.00953163734966308,0.0004313432197261642],[7.669577571814306e-05,0.000692257875148124,0.0004313432197261644,0.008237607690484587]],"hypothesis_weights":{"visible_cv":1.0},"initialized":true,"mode_probabilities":{},"reset":false,"state":{"vx_mps":0.23245418538971796,"vy_mps":0.03960269952913245,"x_m":0.7740087966366749,"y_m":-0.3047570340349555},"status":"TRACKING"}},"fault_active":false,"monitor":{"accepted":true,"isolation":"NONE","reason":null,"status":"NOMINAL"},"raw_measurement":[0.7860915085159389,-0.30535556267057273],"sequence":9,"t_s":0.9}
{"accepted_measurement":[0.7757327355974865,-0.29003073258502277],"estimates":{"cv_kalman":{"covariance":[[0.0002202295076879666,2.4085228615727458e-05,0.0008698978052667769,7.214234983296045e-05],[2.4085228615727458e-05,0.00014797382184078426,7.214234983296045e-05,0.0006534707557678957],[0.0008698978052667769,7.214234983296045e-05,0.00858313216827742,0.00038580971738490694],[7.214234983296045e-05,0.0006534707557678957,0.00038580971738490694,0.0074257030161226974]],"hypothesis_weights":{},"initialized":true,"mode_probabilities":{},"reset":false,"state":{"vx_mps":0.18110018339127304,"vy_mps":0.07151428279454594,"x_m":0.7849435719248566,"y_m":-0.2940414535686301},"status":"TRACKING"},"formal_imm":{"covariance":[[0.00014302203749477852,1.7400812986652096e-05,0.0,0.0],[1.7400812986652096e-05,9.242338282993486e-05,0.0,0.0],[0.0,0.0,0.001563868124650545,0.0],[0.0,0.0,0.0,0.0013347075788007912]],"hypothesis_weights":{},"initialized":true,"mode_probabilities":{"maneuver_cv":0.10988216987650752,"smooth_cv":0.8901178301234924},"reset":false,"state":{"vx_mps":0.18103207483100875,"vy_mps":0.05323885956520031,"x_m":0.7832741733243256,"y_m":-0.29674881789090274},"status":"LIVE_IMM_TRACKING"},"ghost_mh":{"covariance":[[0.00022550122264156336,2.473394645455602e-05,0.0009230077210675629,7.701524337278972e-05],[2.4733946454556026e-05,0.00015129938327789535,7.701524337278974e-05,0.0006919619909491934],[0.0009230077210675629,7.701524337278972e-05,0.009515665583358887,0.00042962003358031753],[7.701524337278972e-05,0.0006919619909491936,0.00042962003358031786,0.008226805482617935]],"hypothesis_weights":{"visible_cv":1.0},"initialized":true,"mode_probabilities":{},"reset":false,"state":{"vx_mps":0.1806752525591882,"vy_mps":0.07312729650261762,"x_m":0.7849307534530228,"y_m":-0.29394574052815586},"status":"TRACKING"}},"fault_active":false,"monitor":{"accepted":true,"isolation":"NONE","reason":null,"status":"NOMINAL"},"raw_measurement":[0.7757327355974865,-0.29003073258502277],"sequence":10,"t_s":1.0}
{"accepted_measurement":[0.8158851242065635,-0.2787877764274158],"estimates":{"cv_kalman":{"covariance":[[0.00022022642218953335,2.4092395189173214e-05,0.000869803038936368,7.222414899888579e-05],[2.4092395189173214e-05,0.0001479492366220137,7.222414899888581e-05,0.0006531305919397105],[0.000869803038936368,7.222414899888581e-05,0.008571036151580193,0.00038365807913723793],[7.222414899888579e-05,0.0006531305919397105,0.00038365807913723793,0.007420061914168477]],"hypothesis_weights":{},"initialized":true,"mode_probabilities":{},"reset":false,"state":{"vx_mps":0.20802933878510174,"vy_mps":0.09100274457368854,"x_m":0.8100265969530789,"y_m":-0.2822531709444071},"status":"TRACKING"},"formal_imm":{"covariance":[[0.00013630159636603665,1.7770123380397466e-05,0.0,0.0],[1.7770123380397466e-05,8.954469815699036e-05,0.0,0.0],[0.0,0.0,0.0015039244849583556,0.0],[0.0,0.0,0.0,0.001336084842893671]],"hypothesis_weights":{},"initialized":true,"mode_probabilities":{"maneuver_cv":0.1103283426137882,"smooth_cv":0.8896716573862118},"reset":false,"state":{"vx_mps":0.19013425413565338,"vy_mps":0.061010985778204754,"x_m":0.8061970184456579,"y_m":-0.28722888916938705},"status":"LIVE_IMM_TRACKING"},"ghost_mh":{"covariance":[[0.00022548999989468506,2.4739491359689856e-05,0.0009226673205604059,7.701331550882876e-05],[2.473949135968986e-05,0.00015127152581561546,7.701331550882877e-05,0.0006916273740339193],[0.000922667320560406,7.701331550882877e-05,0.009503720023109074,0.0004271491823328633],[7.701331550882874e-05,0.0006916273740339195,0.0004271491823328636,0.00822227247611049]],"hypothesis_weights":{"visible_cv":1.0},"initialized":true,"mode_probabilities":{},"reset":false,"state":{"vx_mps":0.20942081974320048,"vy_mps":0.09305193346536168,"x_m":0.8101747581502096,"y_m":-0.2820460084119591},"status":"TRACKING"}},"fault_active":false,"monitor":{"accepted":true,"isolation":"NONE","reason":null,"status":"NOMINAL"},"raw_measurement":[0.8158851242065635,-0.2787877764274158],"sequence":11,"t_s":1.1}
{"accepted_measurement":[0.8272764214518349,-0.271329638778479],"estimates":{"cv_kalman":{"covariance":[[0.00022019775485905015,2.4091006845014813e-05,0.0008693573203442739,7.21452827998327e-05],[2.4091006845014813e-05,0.0001479247343240057,7.214528279983273e-05,0.0006529214719447755],[0.0008693573203442739,7.214528279983273e-05,0.00856392811195645,0.0003819380175831568],[7.21452827998327e-05,0.0006529214719447755,0.0003819380175831568,0.00741811405920698]],"hypothesis_weights":{},"initialized":true,"mode_probabilities":{},"reset":false,"state":{"vx_mps":0.19996727978143655,"vy_mps":0.09635157247756593,"x_m":0.8288416231900398,"y_m":-0.2720188872397121},"status":"TRACKING"},"formal_imm":{"covariance":[[0.00012880406535296766,1.678886456376002e-05,0.0,0.0],[1.678886456376002e-05,8.621463802255724e-05,0.0,0.0],[0.0,0.0,0.001339596842460663,0.0],[0.0,0.0,0.0,0.0012263384213211687]],"hypothesis_weights":{},"initialized":true,"mode_probabilities":{"maneuver_cv":0.10276339288855886,"smooth_cv":0.8972366071114412},"reset":false,"state":{"vx_mps":0.19001683910398984,"vy_mps":0.06565459021103162,"x_m":0.8256530825958833,"y_m":-0.27817190651277063},"status":"LIVE_IMM_TRACKING"},"ghost_mh":{"covariance":[[0.00022545219852369925,2.4734157821617737e-05,0.0009221966493683586,7.690964316443568e-05],[2.4734157821617737e-05,0.00015124972505884603,7.690964316443568e-05,0.0006914677198750517],[0.0009221966493683586,7.690964316443567e-05,0.009497771687078188,0.00042559542025662786],[7.69096431644357e-05,0.0006914677198750518,0.000425595420256628,0.00822098542630831]],"hypothesis_weights":{"visible_cv":1.0},"initialized":true,"mode_probabilities":{},"reset":false,"state":{"vx_mps":0.20026909745753144,"vy_mps":0.097603948401519,"x_m":0.8289255153122559,"y_m":-0.27182874808753493},"status":"TRACKING"}},"fault_active":false,"monitor":{"accepted":true,"isolation":"NONE","reason":null,"status":"NOMINAL"},"raw_measurement":[0.8272764214518349,-0.271329638778479],"sequence":12,"t_s":1.2}
{"accepted_measurement":[0.8152428314155282,-0.28595555071687817],"estimates":{"cv_kalman":{"covariance":[[0.00022015942805491426,2.4083077907598687e-05,0.0008690198603375509,7.205833674130789e-05],[2.4083077907598687e-05,0.00014791019433211817,7.205833674130789e-05,0.0006528448501136274],[0.0008690198603375509,7.205833674130789e-05,0.008560927669591946,0.0003810928625900562],[7.205833674130789e-05,0.0006528448501136274,0.0003810928625900562,0.0074176490818217795]],"hypothesis_weights":{},"initialized":true,"mode_probabilities":{},"reset":false,"state":{"vx_mps":0.12988573037081744,"vy_mps":0.039129566186075694,"x_m":0.8306205737626771,"y_m":-0.27592255892579276},"status":"TRACKING"},"formal_imm":{"covariance":[[0.00012312833447403822,1.4616146511831662e-05,0.0,0.0],[1.4616146511831662e-05,7.902259934211678e-05,0.0,0.0],[0.0,0.0,0.0012903372494382957,0.0],[0.0,0.0,0.0,0.0009799117375519854]],"hypothesis_weights":{},"initialized":true,"mode_probabilities":{"maneuver_cv":0.08605172800875327,"smooth_cv":0.9139482719912467},"reset":false,"state":{"vx_mps":0.1739092807728807,"vy_mps":0.05535341654681127,"x_m":0.8356402460586422,"y_m":-0.2764058210093978},"status":"LIVE_IMM_TRACKING"},"ghost_mh":{"covariance":[[0.00022541551096801993,2.4725510152613253e-05,0.0009219216632595992,7.683299454464865e-05],[2.4725510152613253e-05,0.00015123898051018017,7.683299454464863e-05,0.0006914226796256535],[0.0009219216632595992,7.683299454464863e-05,0.009495690224777344,0.0004249831448278282],[7.683299454464863e-05,0.0006914226796256536,0.00042498314482782826,0.00822074079029386]],"hypothesis_weights":{"visible_cv":1.0},"initialized":true,"mode_probabilities":{},"reset":false,"state":{"vx_mps":0.1256750007138553,"vy_mps":0.036098131320092194,"x_m":0.8302343328515533,"y_m":-0.2761093839756096},"status":"TRACKING"}},"fault_active":false,"monitor":{"accepted":true,"isolation":"NONE","reason":null,"status":"NOMINAL"},"raw_measurement":[0.8152428314155282,-0.28595555071687817],"sequence":13,"t_s":1.3}
{"accepted_measurement":[0.8887369735275439,-0.2555232604120215],"estimates":{"cv_kalman":{"covariance":[[0.0002201317496844766,2.4075881787606395e-05,0.0008688639104375887,7.20118411007738e-05],[2.4075881787606395e-05,0.0001479041043216574,7.20118411007738e-05,0.0006528283871352674],[0.0008688639104375887,7.20118411007738e-05,0.008560038798190502,0.0003808242789975815],[7.20118411007738e-05,0.0006528283871352674,0.0003808242789975815,0.007417565961197757]],"hypothesis_weights":{},"initialized":true,"mode_probabilities":{},"reset":false,"state":{"vx_mps":0.22628227872414008,"vy_mps":0.07590021602231037,"x_m":0.8682912306587033,"y_m":-0.2628464596662759},"status":"TRACKING"},"formal_imm":{"covariance":[[0.00011753672849571404,1.475305158977877e-05,0.0,0.0],[1.475305158977877e-05,7.607867641019196e-05,0.0,0.0],[0.0,0.0,0.0011532390608921955,0.0],[0.0,0.0,0.0,0.0008906764553184296]],"hypothesis_weights":{},"initialized":true,"mode_probabilities":{"maneuver_cv":0.07881570036081231,"smooth_cv":0.9211842996391877},"reset":false,"state":{"vx_mps":0.19321579101299752,"vy_mps":0.06392135487135706,"x_m":0.863631015211321,"y_m":-0.266289905840596},"status":"LIVE_IMM_TRACKING"},"ghost_mh":{"covariance":[[0.00022539387572183766,2.471955575409702e-05,0.000921822238165294,7.680177891933849e-05],[2.4719555754097024e-05,0.0001512352084595466,7.680177891933852e-05,0.0006914169014072785],[0.0009218222381652942,7.680177891933849e-05,0.009495224965637409,0.00042484446201798],[7.680177891933849e-05,0.0006914169014072785,0.00042484446201798,0.008220691579583468]],"hypothesis_weights":{"visible_cv":1.0},"initialized":true,"mode_probabilities":{},"reset":false,"state":{"vx_mps":0.22976403473783444,"vy_mps":0.07634275839239207,"x_m":0.8685263554913066,"y_m":-0.2628328268923074},"status":"TRACKING"}},"fault_active":false,"monitor":{"accepted":true,"isolation":"NONE","reason":null,"status":"NOMINAL"},"raw_measurement":[0.8887369735275439,-0.2555232604120215],"sequence":14,"t_s":1.4}
{"accepted_measurement":[0.8687125724117498,-0.2987382754636783],"estimates":{"cv_kalman":{"covariance":[[0.0002201179105866377,2.4071906479828358e-05,0.0008688189810554267,7.199711084512455e-05],[2.4071906479828358e-05,0.0001479021911471526,7.199711084512455e-05,0.0006528276485200533],[0.0008688189810554267,7.199711084512455e-05,0.008559887872440743,0.00038078458454162843],[7.199711084512455e-05,0.0006528276485200533,0.00038078458454162843,0.0074175341188158555]],"hypothesis_weights":{},"initialized":true,"mode_probabilities":{},"reset":false,"state":{"vx_mps":0.184160905963179,"vy_mps":-0.03561541864307813,"x_m":0.8792740742382739,"y_m":-0.2807898456550106},"status":"TRACKING"},"formal_imm":{"covariance":[[0.00011467538114600862,1.3520430229948541e-05,0.0,0.0],[1.3520430229948541e-05,8.251858074564332e-05,0.0,0.0],[0.0,0.0,0.0012545272766437538,0.0],[0.0,0.0,0.0,0.0016609230361004747]],"hypothesis_weights":{},"initialized":true,"mode_probabilities":{"maneuver_cv":0.10779852397485062,"smooth_cv":0.8922014760251493},"reset":false,"state":{"vx_mps":0.18561287331579265,"vy_mps":0.040144834714628756,"x_m":0.8788415276081311,"y_m":-0.2716019650264379},"status":"LIVE_IMM_TRACKING"},"ghost_mh":{"covariance":[[0.0002253849799917862,2.471692188830882e-05,0.000921804307050452,7.679556652388027e-05],[2.471692188830882e-05,0.00015123421432685974,7.679556652388027e-05,0.0006914176074788113],[0.000921804307050452,7.679556652388027e-05,0.009495184332137184,0.00042484263175089507],[7.679556652388024e-05,0.0006914176074788113,0.0004248426317508951,0.0082206564368845]],"hypothesis_weights":{"visible_cv":1.0},"initialized":true,"mode_probabilities":{},"reset":false,"state":{"vx_mps":0.18365919768195005,"vy_mps":-0.041853543675709134,"x_m":0.8792383131886591,"y_m":-0.28133765899420404},"status":"TRACKING"}},"fault_active":false,"monitor":{"accepted":true,"isolation":"NONE","reason":null,"status":"NOMINAL"},"raw_measurement":[0.8687125724117498,-0.2987382754636783],"sequence":15,"t_s":1.5}
{"accepted_measurement":[0.8947181496289994,-0.24965664267732507],"estimates":{"cv_kalman":{"covariance":[[0.0002201129347015061,2.4070407875656845e-05,0.0008688154402428437,7.199577410793432e-05],[2.4070407875656845e-05,0.00014790171107453555,7.199577410793432e-05,0.0006528281179190407],[0.0008688154402428437,7.199577410793432e-05,0.008559882289808442,0.00038079208314439666],[7.199577410793432e-05,0.0006528281179190407,0.00038079208314439666,0.00741750604037525]],"hypothesis_weights":{},"initialized":true,"mode_probabilities":{},"reset":false,"state":{"vx_mps":0.1724393567960583,"vy_mps":0.056471820956316685,"x_m":0.8955593001391184,"y_m":-0.26368571654336787},"status":"TRACKING"},"formal_imm":{"covariance":[[0.00010690176691572843,1.2609307194367577e-05,0.0,0.0],[1.2609307194367577e-05,7.100662885700544e-05,0.0,0.0],[0.0,0.0,0.0008374469856303817,0.0],[0.0,0.0,0.0,0.0007462896574843194]],"hypothesis_weights":{},"initialized":true,"mode_probabilities":{"maneuver_cv":0.06189317372199121,"smooth_cv":0.9381068262780089},"reset":false,"state":{"vx_mps":0.18423983411971687,"vy_mps":0.055108346562812216,"x_m":0.8966327203739943,"y_m":-0.2615633816203917},"status":"LIVE_IMM_TRACKING"},"ghost_mh":{"covariance":[[0.0002253824955407807,2.4716170802634425e-05,0.0009218075361624781,7.679663822068806e-05],[2.4716170802634425e-05,0.00015123398313287743,7.679663822068808e-05,0.000691417621500414],[0.0009218075361624781,7.679663822068806e-05,0.009495177123781253,0.00042484948147920566],[7.679663822068806e-05,0.0006914176215004138,0.00042484948147920566,0.008220628679343641]],"hypothesis_weights":{"visible_cv":1.0},"initialized":true,"mode_probabilities":{},"reset":false,"state":{"vx_mps":0.1712966425267587,"vy_mps":0.058926964208491084,"x_m":0.8954643110261038,"y_m":-0.26368350429303394},"status":"TRACKING"}},"fault_active":false,"monitor":{"accepted":true,"isolation":"NONE","reason":null,"status":"NOMINAL"},"raw_measurement":[0.8947181496289994,-0.24965664267732507],"sequence":16,"t_s":1.6}
{"accepted_measurement":[0.8921735709565559,-0.29300179685709177],"estimates":{"cv_kalman":{"covariance":[[0.0002201117613901849,2.4070060182627875e-05,0.0008688191659391477,7.199711409340475e-05],[2.4070060182627875e-05,0.00014790158084230124,7.199711409340475e-05,0.0006528278236589335],[0.0008688191659391477,7.199711409340475e-05,0.008559868039677634,0.0003807937806579721],[7.199711409340475e-05,0.0006528278236589335,0.0003807937806579721,0.007417486697703718]],"hypothesis_weights":{},"initialized":true,"mode_probabilities":{},"reset":false,"state":{"vx_mps":0.13249410335088893,"vy_mps":-0.032780195720673505,"x_m":0.901908713027007,"y_m":-0.2785303461155037},"status":"TRACKING"},"formal_imm":{"covariance":[[0.00011250201219713438,1.8679318165713626e-05,0.0,0.0],[1.8679318165713626e-05,8.308562547347722e-05,0.0,0.0],[0.0,0.0,0.001457268361288277,0.0],[0.0,0.0,0.0,0.0016652097363379899]],"hypothesis_weights":{},"initialized":true,"mode_probabilities":{"maneuver_cv":0.12078820253501586,"smooth_cv":0.8792117974649841},"reset":false,"state":{"vx_mps":0.1738433292843824,"vy_mps":0.033403281453526903,"x_m":0.9089722582727257,"y_m":-0.26675757192354327},"status":"LIVE_IMM_TRACKING"},"ghost_mh":{"covariance":[[0.0002253821284900891,2.4716076263199127e-05,0.0009218105645997057,7.679782031819182e-05],[2.4716076263199127e-05,0.00015123389970049175,7.679782031819181e-05,0.0006914171036451303],[0.0009218105645997057,7.679782031819181e-05,0.009495148818541407,0.00042484516197736043],[7.67978203181918e-05,0.0006914171036451302,0.0004248451619773603,0.008220613332609329]],"hypothesis_weights":{"visible_cv":1.0},"initialized":true,"mode_probabilities":{},"reset":false,"state":{"vx_mps":0.12938606014102913,"vy_mps":-0.036345809563914644,"x_m":0.901551128636692,"y_m":-0.2789014683319752},"status":"TRACKING"}},"fault_active":false,"monitor":{"accepted":true,"isolation":"NONE","reason":null,"status":"NOMINAL"},"raw_measurement":[0.8921735709565559,-0.29300179685709177],"sequence":17,"t_s":1.7}
{"accepted_measurement":[0.9449429695381535,-0.24117383864757289],"estimates":{"cv_kalman":{"covariance":[[0.0002201116460066634,2.407004297152365e-05,0.0008688207748346732,7.199780886382539e-05],[2.407004297152365e-05,0.00014790151709209246,7.199780886382539e-05,0.000652827348243197],[0.0008688207748346732,7.199780886382539e-05,0.008559841455804688,0.00038078816882763873],[7.199780886382539e-05,0.000652827348243197,0.00038078816882763873,0.007417476949321771]],"hypothesis_weights":{},"initialized":true,"mode_probabilities":{},"reset":false,"state":{"vx_mps":0.19164521926057992,"vy_mps":0.07007667788403121,"x_m":0.931026585375606,"y_m":-0.25807473519869983},"status":"TRACKING"},"formal_imm":{"covariance":[[0.0001019609050469535,1.252093842624191e-05,0.0,0.0],[1.252093842624191e-05,6.904828168791005e-05,0.0,0.0],[0.0,0.0,0.0008409303232974799,0.0],[0.0,0.0,0.0,0.0007780374576518949]],"hypothesis_weights":{},"initialized":true,"mode_probabilities":{"maneuver_cv":0.06311996993669373,"smooth_cv":0.9368800300633063},"reset":false,"state":{"vx_mps":0.18422163052097168,"vy_mps":0.050100517090655286,"x_m":0.931671928717052,"y_m":-0.2562694404977971},"status":"LIVE_IMM_TRACKING"},"ghost_mh":{"covariance":[[0.00022538212124278214,2.4716090944146845e-05,0.0009218107089177578,7.679800802055906e-05],[2.4716090944146845e-05,0.00015123384841034162,7.679800802055906e-05,0.0006914166848560807],[0.0009218107089177577,7.679800802055906e-05,0.009495119509117175,0.0004248375187157829],[7.679800802055906e-05,0.0006914166848560807,0.00042483751871578285,0.008220606952969826]],"hypothesis_weights":{"visible_cv":1.0},"initialized":true,"mode_probabilities":{},"reset":false,"state":{"vx_mps":0.19364554567321685,"vy_mps":0.07455137467647935,"x_m":0.9311161874561006,"y_m":-0.2578291349814844},"status":"TRACKING"}},"fault_active":false,"monitor":{"accepted":true,"isolation":"NONE","reason":null,"status":"NOMINAL"},"raw_measurement":[0.9449429695381535,-0.24117383864757289],"sequence":18,"t_s":1.8}
{"accepted_measurement":[0.9911622196440419,-0.24229539908137107],"estimates":{"cv_kalman":{"covariance":[[0.0002201116348581152,2.407005306209567e-05,0.0008688203667735835,7.199777627322107e-05],[2.407005306209567e-05,0.00014790147567182819,7.199777627322107e-05,0.0006528270379539203],[0.0008688203667735835,7.199777627322107e-05,0.008559819176284348,0.0003807820385444018],[7.199777627322107e-05,0.0006528270379539203,0.0003807820385444018,0.007417473060651142]],"hypothesis_weights":{},"initialized":true,"mode_probabilities":{},"reset":false,"state":{"vx_mps":0.2800883864905279,"vy_mps":0.08709288937075473,"x_m":0.9726850794405036,"y_m":-0.2464317836858804},"status":"TRACKING"},"formal_imm":{"covariance":[[0.00011581339961236258,1.620643700187305e-05,0.0,0.0],[1.620643700187305e-05,7.168104303255363e-05,0.0,0.0],[0.0,0.0,0.0017718452082693768,0.0],[0.0,0.0,0.0,0.001113709522030023]],"hypothesis_weights":{},"initialized":true,"mode_probabilities":{"maneuver_cv":0.10704317953570715,"smooth_cv":0.8929568204642928},"reset":false,"state":{"vx_mps":0.20294040971257488,"vy_mps":0.05402006290370072,"x_m":0.9607122813010155,"y_m":-0.2489260766891347},"status":"LIVE_IMM_TRACKING"},"ghost_mh":{"covariance":[[0.00022538206958763773,2.471608403069008e-05,0.0009218097622194531,7.679776100423606e-05],[2.471608403069008e-05,0.0001512338174955675,7.679776100423606e-05,0.0006914164792067449],[0.0009218097622194529,7.679776100423606e-05,0.009495101517665172,0.0004248322518236276],[7.679776100423606e-05,0.0006914164792067449,0.0004248322518236276,0.008220604762194288]],"hypothesis_weights":{"visible_cv":1.0},"initialized":true,"mode_probabilities":{},"reset":false,"state":{"vx_mps":0.2869250764109695,"vy_mps":0.09073515845176039,"x_m":0.973360480786657,"y_m":-0.24604096886520616},"status":"TRACKING"}},"fault_active":false,"monitor":{"accepted":true,"isolation":"NONE","reason":null,"status":"NOMINAL"},"raw_measurement":[0.9911622196440419,-0.24229539908137107],"sequence":19,"t_s":1.9}
